{
 "cells": [
  {
   "cell_type": "markdown",
   "metadata": {},
   "source": [
    "# Getting Started"
   ]
  },
  {
   "cell_type": "markdown",
   "metadata": {},
   "source": [
    "The aim of this project is to build, fit, evaluate and predict the prices of houses in a Boston Suburb, Massachusetts."
   ]
  },
  {
   "cell_type": "markdown",
   "metadata": {},
   "source": [
    "###### Import the needed libraries"
   ]
  },
  {
   "cell_type": "code",
   "execution_count": 1,
   "metadata": {},
   "outputs": [],
   "source": [
    "import datetime\n",
    "import math\n",
    "import numpy as np\n",
    "import pandas as pd\n",
    "import seaborn as sns\n",
    "import matplotlib.pyplot as plt\n",
    "%matplotlib inline"
   ]
  },
  {
   "cell_type": "markdown",
   "metadata": {},
   "source": [
    "###### Load the data"
   ]
  },
  {
   "cell_type": "code",
   "execution_count": 2,
   "metadata": {},
   "outputs": [
    {
     "data": {
      "text/html": [
       "<div>\n",
       "<style scoped>\n",
       "    .dataframe tbody tr th:only-of-type {\n",
       "        vertical-align: middle;\n",
       "    }\n",
       "\n",
       "    .dataframe tbody tr th {\n",
       "        vertical-align: top;\n",
       "    }\n",
       "\n",
       "    .dataframe thead th {\n",
       "        text-align: right;\n",
       "    }\n",
       "</style>\n",
       "<table border=\"1\" class=\"dataframe\">\n",
       "  <thead>\n",
       "    <tr style=\"text-align: right;\">\n",
       "      <th></th>\n",
       "      <th>Unnamed: 0</th>\n",
       "      <th>crim</th>\n",
       "      <th>zn</th>\n",
       "      <th>indus</th>\n",
       "      <th>chas</th>\n",
       "      <th>nox</th>\n",
       "      <th>rm</th>\n",
       "      <th>age</th>\n",
       "      <th>dis</th>\n",
       "      <th>rad</th>\n",
       "      <th>tax</th>\n",
       "      <th>ptratio</th>\n",
       "      <th>black</th>\n",
       "      <th>lstat</th>\n",
       "      <th>medv</th>\n",
       "    </tr>\n",
       "  </thead>\n",
       "  <tbody>\n",
       "    <tr>\n",
       "      <th>0</th>\n",
       "      <td>1</td>\n",
       "      <td>0.00632</td>\n",
       "      <td>18.0</td>\n",
       "      <td>2.31</td>\n",
       "      <td>0</td>\n",
       "      <td>0.538</td>\n",
       "      <td>6.575</td>\n",
       "      <td>65.2</td>\n",
       "      <td>4.0900</td>\n",
       "      <td>1</td>\n",
       "      <td>296</td>\n",
       "      <td>15.3</td>\n",
       "      <td>396.90</td>\n",
       "      <td>4.98</td>\n",
       "      <td>24.0</td>\n",
       "    </tr>\n",
       "    <tr>\n",
       "      <th>1</th>\n",
       "      <td>2</td>\n",
       "      <td>0.02731</td>\n",
       "      <td>0.0</td>\n",
       "      <td>7.07</td>\n",
       "      <td>0</td>\n",
       "      <td>0.469</td>\n",
       "      <td>6.421</td>\n",
       "      <td>78.9</td>\n",
       "      <td>4.9671</td>\n",
       "      <td>2</td>\n",
       "      <td>242</td>\n",
       "      <td>17.8</td>\n",
       "      <td>396.90</td>\n",
       "      <td>9.14</td>\n",
       "      <td>21.6</td>\n",
       "    </tr>\n",
       "    <tr>\n",
       "      <th>2</th>\n",
       "      <td>3</td>\n",
       "      <td>0.02729</td>\n",
       "      <td>0.0</td>\n",
       "      <td>7.07</td>\n",
       "      <td>0</td>\n",
       "      <td>0.469</td>\n",
       "      <td>7.185</td>\n",
       "      <td>61.1</td>\n",
       "      <td>4.9671</td>\n",
       "      <td>2</td>\n",
       "      <td>242</td>\n",
       "      <td>17.8</td>\n",
       "      <td>392.83</td>\n",
       "      <td>4.03</td>\n",
       "      <td>34.7</td>\n",
       "    </tr>\n",
       "    <tr>\n",
       "      <th>3</th>\n",
       "      <td>4</td>\n",
       "      <td>0.03237</td>\n",
       "      <td>0.0</td>\n",
       "      <td>2.18</td>\n",
       "      <td>0</td>\n",
       "      <td>0.458</td>\n",
       "      <td>6.998</td>\n",
       "      <td>45.8</td>\n",
       "      <td>6.0622</td>\n",
       "      <td>3</td>\n",
       "      <td>222</td>\n",
       "      <td>18.7</td>\n",
       "      <td>394.63</td>\n",
       "      <td>2.94</td>\n",
       "      <td>33.4</td>\n",
       "    </tr>\n",
       "    <tr>\n",
       "      <th>4</th>\n",
       "      <td>5</td>\n",
       "      <td>0.06905</td>\n",
       "      <td>0.0</td>\n",
       "      <td>2.18</td>\n",
       "      <td>0</td>\n",
       "      <td>0.458</td>\n",
       "      <td>7.147</td>\n",
       "      <td>54.2</td>\n",
       "      <td>6.0622</td>\n",
       "      <td>3</td>\n",
       "      <td>222</td>\n",
       "      <td>18.7</td>\n",
       "      <td>396.90</td>\n",
       "      <td>5.33</td>\n",
       "      <td>36.2</td>\n",
       "    </tr>\n",
       "  </tbody>\n",
       "</table>\n",
       "</div>"
      ],
      "text/plain": [
       "   Unnamed: 0     crim    zn  indus  chas    nox     rm   age     dis  rad  \\\n",
       "0           1  0.00632  18.0   2.31     0  0.538  6.575  65.2  4.0900    1   \n",
       "1           2  0.02731   0.0   7.07     0  0.469  6.421  78.9  4.9671    2   \n",
       "2           3  0.02729   0.0   7.07     0  0.469  7.185  61.1  4.9671    2   \n",
       "3           4  0.03237   0.0   2.18     0  0.458  6.998  45.8  6.0622    3   \n",
       "4           5  0.06905   0.0   2.18     0  0.458  7.147  54.2  6.0622    3   \n",
       "\n",
       "   tax  ptratio   black  lstat  medv  \n",
       "0  296     15.3  396.90   4.98  24.0  \n",
       "1  242     17.8  396.90   9.14  21.6  \n",
       "2  242     17.8  392.83   4.03  34.7  \n",
       "3  222     18.7  394.63   2.94  33.4  \n",
       "4  222     18.7  396.90   5.33  36.2  "
      ]
     },
     "execution_count": 2,
     "metadata": {},
     "output_type": "execute_result"
    }
   ],
   "source": [
    "housing = pd.read_csv(\"Boston.csv\")\n",
    "housing.head()"
   ]
  },
  {
   "cell_type": "markdown",
   "metadata": {},
   "source": [
    "###### Exploratory data analysis\n",
    "\n",
    "An explorative investigation of the Boston Housing data is the first step towards helping us understand the data we are working with..... "
   ]
  },
  {
   "cell_type": "code",
   "execution_count": 3,
   "metadata": {},
   "outputs": [
    {
     "data": {
      "text/plain": [
       "Index(['Unnamed: 0', 'crim', 'zn', 'indus', 'chas', 'nox', 'rm', 'age', 'dis',\n",
       "       'rad', 'tax', 'ptratio', 'black', 'lstat', 'medv'],\n",
       "      dtype='object')"
      ]
     },
     "execution_count": 3,
     "metadata": {},
     "output_type": "execute_result"
    }
   ],
   "source": [
    "#check the column names\n",
    "housing.columns"
   ]
  },
  {
   "cell_type": "code",
   "execution_count": 4,
   "metadata": {},
   "outputs": [
    {
     "data": {
      "text/plain": [
       "array([ True, False, False, False, False, False, False, False, False,\n",
       "       False, False, False, False, False, False])"
      ]
     },
     "execution_count": 4,
     "metadata": {},
     "output_type": "execute_result"
    }
   ],
   "source": [
    "# 'Unnamed' column is not needed\n",
    "housing.columns.str.match('Unnamed')"
   ]
  },
  {
   "cell_type": "code",
   "execution_count": 5,
   "metadata": {},
   "outputs": [
    {
     "data": {
      "text/html": [
       "<div>\n",
       "<style scoped>\n",
       "    .dataframe tbody tr th:only-of-type {\n",
       "        vertical-align: middle;\n",
       "    }\n",
       "\n",
       "    .dataframe tbody tr th {\n",
       "        vertical-align: top;\n",
       "    }\n",
       "\n",
       "    .dataframe thead th {\n",
       "        text-align: right;\n",
       "    }\n",
       "</style>\n",
       "<table border=\"1\" class=\"dataframe\">\n",
       "  <thead>\n",
       "    <tr style=\"text-align: right;\">\n",
       "      <th></th>\n",
       "      <th>crim</th>\n",
       "      <th>zn</th>\n",
       "      <th>indus</th>\n",
       "      <th>chas</th>\n",
       "      <th>nox</th>\n",
       "      <th>rm</th>\n",
       "      <th>age</th>\n",
       "      <th>dis</th>\n",
       "      <th>rad</th>\n",
       "      <th>tax</th>\n",
       "      <th>ptratio</th>\n",
       "      <th>black</th>\n",
       "      <th>lstat</th>\n",
       "      <th>medv</th>\n",
       "    </tr>\n",
       "  </thead>\n",
       "  <tbody>\n",
       "    <tr>\n",
       "      <th>0</th>\n",
       "      <td>0.00632</td>\n",
       "      <td>18.0</td>\n",
       "      <td>2.31</td>\n",
       "      <td>0</td>\n",
       "      <td>0.538</td>\n",
       "      <td>6.575</td>\n",
       "      <td>65.2</td>\n",
       "      <td>4.0900</td>\n",
       "      <td>1</td>\n",
       "      <td>296</td>\n",
       "      <td>15.3</td>\n",
       "      <td>396.90</td>\n",
       "      <td>4.98</td>\n",
       "      <td>24.0</td>\n",
       "    </tr>\n",
       "    <tr>\n",
       "      <th>1</th>\n",
       "      <td>0.02731</td>\n",
       "      <td>0.0</td>\n",
       "      <td>7.07</td>\n",
       "      <td>0</td>\n",
       "      <td>0.469</td>\n",
       "      <td>6.421</td>\n",
       "      <td>78.9</td>\n",
       "      <td>4.9671</td>\n",
       "      <td>2</td>\n",
       "      <td>242</td>\n",
       "      <td>17.8</td>\n",
       "      <td>396.90</td>\n",
       "      <td>9.14</td>\n",
       "      <td>21.6</td>\n",
       "    </tr>\n",
       "    <tr>\n",
       "      <th>2</th>\n",
       "      <td>0.02729</td>\n",
       "      <td>0.0</td>\n",
       "      <td>7.07</td>\n",
       "      <td>0</td>\n",
       "      <td>0.469</td>\n",
       "      <td>7.185</td>\n",
       "      <td>61.1</td>\n",
       "      <td>4.9671</td>\n",
       "      <td>2</td>\n",
       "      <td>242</td>\n",
       "      <td>17.8</td>\n",
       "      <td>392.83</td>\n",
       "      <td>4.03</td>\n",
       "      <td>34.7</td>\n",
       "    </tr>\n",
       "    <tr>\n",
       "      <th>3</th>\n",
       "      <td>0.03237</td>\n",
       "      <td>0.0</td>\n",
       "      <td>2.18</td>\n",
       "      <td>0</td>\n",
       "      <td>0.458</td>\n",
       "      <td>6.998</td>\n",
       "      <td>45.8</td>\n",
       "      <td>6.0622</td>\n",
       "      <td>3</td>\n",
       "      <td>222</td>\n",
       "      <td>18.7</td>\n",
       "      <td>394.63</td>\n",
       "      <td>2.94</td>\n",
       "      <td>33.4</td>\n",
       "    </tr>\n",
       "    <tr>\n",
       "      <th>4</th>\n",
       "      <td>0.06905</td>\n",
       "      <td>0.0</td>\n",
       "      <td>2.18</td>\n",
       "      <td>0</td>\n",
       "      <td>0.458</td>\n",
       "      <td>7.147</td>\n",
       "      <td>54.2</td>\n",
       "      <td>6.0622</td>\n",
       "      <td>3</td>\n",
       "      <td>222</td>\n",
       "      <td>18.7</td>\n",
       "      <td>396.90</td>\n",
       "      <td>5.33</td>\n",
       "      <td>36.2</td>\n",
       "    </tr>\n",
       "    <tr>\n",
       "      <th>...</th>\n",
       "      <td>...</td>\n",
       "      <td>...</td>\n",
       "      <td>...</td>\n",
       "      <td>...</td>\n",
       "      <td>...</td>\n",
       "      <td>...</td>\n",
       "      <td>...</td>\n",
       "      <td>...</td>\n",
       "      <td>...</td>\n",
       "      <td>...</td>\n",
       "      <td>...</td>\n",
       "      <td>...</td>\n",
       "      <td>...</td>\n",
       "      <td>...</td>\n",
       "    </tr>\n",
       "    <tr>\n",
       "      <th>501</th>\n",
       "      <td>0.06263</td>\n",
       "      <td>0.0</td>\n",
       "      <td>11.93</td>\n",
       "      <td>0</td>\n",
       "      <td>0.573</td>\n",
       "      <td>6.593</td>\n",
       "      <td>69.1</td>\n",
       "      <td>2.4786</td>\n",
       "      <td>1</td>\n",
       "      <td>273</td>\n",
       "      <td>21.0</td>\n",
       "      <td>391.99</td>\n",
       "      <td>9.67</td>\n",
       "      <td>22.4</td>\n",
       "    </tr>\n",
       "    <tr>\n",
       "      <th>502</th>\n",
       "      <td>0.04527</td>\n",
       "      <td>0.0</td>\n",
       "      <td>11.93</td>\n",
       "      <td>0</td>\n",
       "      <td>0.573</td>\n",
       "      <td>6.120</td>\n",
       "      <td>76.7</td>\n",
       "      <td>2.2875</td>\n",
       "      <td>1</td>\n",
       "      <td>273</td>\n",
       "      <td>21.0</td>\n",
       "      <td>396.90</td>\n",
       "      <td>9.08</td>\n",
       "      <td>20.6</td>\n",
       "    </tr>\n",
       "    <tr>\n",
       "      <th>503</th>\n",
       "      <td>0.06076</td>\n",
       "      <td>0.0</td>\n",
       "      <td>11.93</td>\n",
       "      <td>0</td>\n",
       "      <td>0.573</td>\n",
       "      <td>6.976</td>\n",
       "      <td>91.0</td>\n",
       "      <td>2.1675</td>\n",
       "      <td>1</td>\n",
       "      <td>273</td>\n",
       "      <td>21.0</td>\n",
       "      <td>396.90</td>\n",
       "      <td>5.64</td>\n",
       "      <td>23.9</td>\n",
       "    </tr>\n",
       "    <tr>\n",
       "      <th>504</th>\n",
       "      <td>0.10959</td>\n",
       "      <td>0.0</td>\n",
       "      <td>11.93</td>\n",
       "      <td>0</td>\n",
       "      <td>0.573</td>\n",
       "      <td>6.794</td>\n",
       "      <td>89.3</td>\n",
       "      <td>2.3889</td>\n",
       "      <td>1</td>\n",
       "      <td>273</td>\n",
       "      <td>21.0</td>\n",
       "      <td>393.45</td>\n",
       "      <td>6.48</td>\n",
       "      <td>22.0</td>\n",
       "    </tr>\n",
       "    <tr>\n",
       "      <th>505</th>\n",
       "      <td>0.04741</td>\n",
       "      <td>0.0</td>\n",
       "      <td>11.93</td>\n",
       "      <td>0</td>\n",
       "      <td>0.573</td>\n",
       "      <td>6.030</td>\n",
       "      <td>80.8</td>\n",
       "      <td>2.5050</td>\n",
       "      <td>1</td>\n",
       "      <td>273</td>\n",
       "      <td>21.0</td>\n",
       "      <td>396.90</td>\n",
       "      <td>7.88</td>\n",
       "      <td>11.9</td>\n",
       "    </tr>\n",
       "  </tbody>\n",
       "</table>\n",
       "<p>506 rows × 14 columns</p>\n",
       "</div>"
      ],
      "text/plain": [
       "        crim    zn  indus  chas    nox     rm   age     dis  rad  tax  \\\n",
       "0    0.00632  18.0   2.31     0  0.538  6.575  65.2  4.0900    1  296   \n",
       "1    0.02731   0.0   7.07     0  0.469  6.421  78.9  4.9671    2  242   \n",
       "2    0.02729   0.0   7.07     0  0.469  7.185  61.1  4.9671    2  242   \n",
       "3    0.03237   0.0   2.18     0  0.458  6.998  45.8  6.0622    3  222   \n",
       "4    0.06905   0.0   2.18     0  0.458  7.147  54.2  6.0622    3  222   \n",
       "..       ...   ...    ...   ...    ...    ...   ...     ...  ...  ...   \n",
       "501  0.06263   0.0  11.93     0  0.573  6.593  69.1  2.4786    1  273   \n",
       "502  0.04527   0.0  11.93     0  0.573  6.120  76.7  2.2875    1  273   \n",
       "503  0.06076   0.0  11.93     0  0.573  6.976  91.0  2.1675    1  273   \n",
       "504  0.10959   0.0  11.93     0  0.573  6.794  89.3  2.3889    1  273   \n",
       "505  0.04741   0.0  11.93     0  0.573  6.030  80.8  2.5050    1  273   \n",
       "\n",
       "     ptratio   black  lstat  medv  \n",
       "0       15.3  396.90   4.98  24.0  \n",
       "1       17.8  396.90   9.14  21.6  \n",
       "2       17.8  392.83   4.03  34.7  \n",
       "3       18.7  394.63   2.94  33.4  \n",
       "4       18.7  396.90   5.33  36.2  \n",
       "..       ...     ...    ...   ...  \n",
       "501     21.0  391.99   9.67  22.4  \n",
       "502     21.0  396.90   9.08  20.6  \n",
       "503     21.0  396.90   5.64  23.9  \n",
       "504     21.0  393.45   6.48  22.0  \n",
       "505     21.0  396.90   7.88  11.9  \n",
       "\n",
       "[506 rows x 14 columns]"
      ]
     },
     "execution_count": 5,
     "metadata": {},
     "output_type": "execute_result"
    }
   ],
   "source": [
    "#remove the 'Unnamed' column from the housing data\n",
    "housing = housing.loc[:,~housing.columns.str.match('Unnamed')]\n",
    "housing"
   ]
  },
  {
   "cell_type": "code",
   "execution_count": 6,
   "metadata": {},
   "outputs": [
    {
     "data": {
      "text/plain": [
       "(506, 14)"
      ]
     },
     "execution_count": 6,
     "metadata": {},
     "output_type": "execute_result"
    }
   ],
   "source": [
    "#check the shape/size of the dataset \n",
    "housing.shape\n",
    "#There are 506 rows of data with 13 columns"
   ]
  },
  {
   "cell_type": "code",
   "execution_count": 7,
   "metadata": {},
   "outputs": [
    {
     "data": {
      "text/plain": [
       "crim       float64\n",
       "zn         float64\n",
       "indus      float64\n",
       "chas         int64\n",
       "nox        float64\n",
       "rm         float64\n",
       "age        float64\n",
       "dis        float64\n",
       "rad          int64\n",
       "tax          int64\n",
       "ptratio    float64\n",
       "black      float64\n",
       "lstat      float64\n",
       "medv       float64\n",
       "dtype: object"
      ]
     },
     "execution_count": 7,
     "metadata": {},
     "output_type": "execute_result"
    }
   ],
   "source": [
    "housing.dtypes"
   ]
  },
  {
   "cell_type": "code",
   "execution_count": 8,
   "metadata": {},
   "outputs": [
    {
     "data": {
      "text/plain": [
       "crim       504\n",
       "zn          26\n",
       "indus       76\n",
       "chas         2\n",
       "nox         81\n",
       "rm         446\n",
       "age        356\n",
       "dis        412\n",
       "rad          9\n",
       "tax         66\n",
       "ptratio     46\n",
       "black      357\n",
       "lstat      455\n",
       "medv       229\n",
       "dtype: int64"
      ]
     },
     "execution_count": 8,
     "metadata": {},
     "output_type": "execute_result"
    }
   ],
   "source": [
    "#Identify the unique number of values \n",
    "housing.nunique()"
   ]
  },
  {
   "cell_type": "code",
   "execution_count": 9,
   "metadata": {},
   "outputs": [
    {
     "data": {
      "text/plain": [
       "crim       0\n",
       "zn         0\n",
       "indus      0\n",
       "chas       0\n",
       "nox        0\n",
       "rm         0\n",
       "age        0\n",
       "dis        0\n",
       "rad        0\n",
       "tax        0\n",
       "ptratio    0\n",
       "black      0\n",
       "lstat      0\n",
       "medv       0\n",
       "dtype: int64"
      ]
     },
     "execution_count": 9,
     "metadata": {},
     "output_type": "execute_result"
    }
   ],
   "source": [
    "# check for missing values\n",
    "housing.isnull().sum()"
   ]
  },
  {
   "cell_type": "code",
   "execution_count": 10,
   "metadata": {},
   "outputs": [
    {
     "data": {
      "text/html": [
       "<div>\n",
       "<style scoped>\n",
       "    .dataframe tbody tr th:only-of-type {\n",
       "        vertical-align: middle;\n",
       "    }\n",
       "\n",
       "    .dataframe tbody tr th {\n",
       "        vertical-align: top;\n",
       "    }\n",
       "\n",
       "    .dataframe thead th {\n",
       "        text-align: right;\n",
       "    }\n",
       "</style>\n",
       "<table border=\"1\" class=\"dataframe\">\n",
       "  <thead>\n",
       "    <tr style=\"text-align: right;\">\n",
       "      <th></th>\n",
       "      <th>crim</th>\n",
       "      <th>zn</th>\n",
       "      <th>indus</th>\n",
       "      <th>chas</th>\n",
       "      <th>nox</th>\n",
       "      <th>rm</th>\n",
       "      <th>age</th>\n",
       "      <th>dis</th>\n",
       "      <th>rad</th>\n",
       "      <th>tax</th>\n",
       "      <th>ptratio</th>\n",
       "      <th>black</th>\n",
       "      <th>lstat</th>\n",
       "      <th>medv</th>\n",
       "    </tr>\n",
       "  </thead>\n",
       "  <tbody>\n",
       "  </tbody>\n",
       "</table>\n",
       "</div>"
      ],
      "text/plain": [
       "Empty DataFrame\n",
       "Columns: [crim, zn, indus, chas, nox, rm, age, dis, rad, tax, ptratio, black, lstat, medv]\n",
       "Index: []"
      ]
     },
     "execution_count": 10,
     "metadata": {},
     "output_type": "execute_result"
    }
   ],
   "source": [
    "# check rows with missing values\n",
    "housing[housing.isnull().any(axis = 1)]"
   ]
  },
  {
   "cell_type": "code",
   "execution_count": 11,
   "metadata": {},
   "outputs": [
    {
     "data": {
      "text/plain": [
       "<bound method NDFrame.describe of         crim    zn  indus  chas    nox     rm   age     dis  rad  tax  \\\n",
       "0    0.00632  18.0   2.31     0  0.538  6.575  65.2  4.0900    1  296   \n",
       "1    0.02731   0.0   7.07     0  0.469  6.421  78.9  4.9671    2  242   \n",
       "2    0.02729   0.0   7.07     0  0.469  7.185  61.1  4.9671    2  242   \n",
       "3    0.03237   0.0   2.18     0  0.458  6.998  45.8  6.0622    3  222   \n",
       "4    0.06905   0.0   2.18     0  0.458  7.147  54.2  6.0622    3  222   \n",
       "..       ...   ...    ...   ...    ...    ...   ...     ...  ...  ...   \n",
       "501  0.06263   0.0  11.93     0  0.573  6.593  69.1  2.4786    1  273   \n",
       "502  0.04527   0.0  11.93     0  0.573  6.120  76.7  2.2875    1  273   \n",
       "503  0.06076   0.0  11.93     0  0.573  6.976  91.0  2.1675    1  273   \n",
       "504  0.10959   0.0  11.93     0  0.573  6.794  89.3  2.3889    1  273   \n",
       "505  0.04741   0.0  11.93     0  0.573  6.030  80.8  2.5050    1  273   \n",
       "\n",
       "     ptratio   black  lstat  medv  \n",
       "0       15.3  396.90   4.98  24.0  \n",
       "1       17.8  396.90   9.14  21.6  \n",
       "2       17.8  392.83   4.03  34.7  \n",
       "3       18.7  394.63   2.94  33.4  \n",
       "4       18.7  396.90   5.33  36.2  \n",
       "..       ...     ...    ...   ...  \n",
       "501     21.0  391.99   9.67  22.4  \n",
       "502     21.0  396.90   9.08  20.6  \n",
       "503     21.0  396.90   5.64  23.9  \n",
       "504     21.0  393.45   6.48  22.0  \n",
       "505     21.0  396.90   7.88  11.9  \n",
       "\n",
       "[506 rows x 14 columns]>"
      ]
     },
     "execution_count": 11,
     "metadata": {},
     "output_type": "execute_result"
    }
   ],
   "source": [
    "#check data statistics\n",
    "housing.describe"
   ]
  },
  {
   "cell_type": "code",
   "execution_count": 12,
   "metadata": {},
   "outputs": [
    {
     "data": {
      "text/html": [
       "<div>\n",
       "<style scoped>\n",
       "    .dataframe tbody tr th:only-of-type {\n",
       "        vertical-align: middle;\n",
       "    }\n",
       "\n",
       "    .dataframe tbody tr th {\n",
       "        vertical-align: top;\n",
       "    }\n",
       "\n",
       "    .dataframe thead th {\n",
       "        text-align: right;\n",
       "    }\n",
       "</style>\n",
       "<table border=\"1\" class=\"dataframe\">\n",
       "  <thead>\n",
       "    <tr style=\"text-align: right;\">\n",
       "      <th></th>\n",
       "      <th>crim</th>\n",
       "      <th>zn</th>\n",
       "      <th>indus</th>\n",
       "      <th>chas</th>\n",
       "      <th>nox</th>\n",
       "      <th>rm</th>\n",
       "      <th>age</th>\n",
       "      <th>dis</th>\n",
       "      <th>rad</th>\n",
       "      <th>tax</th>\n",
       "      <th>ptratio</th>\n",
       "      <th>black</th>\n",
       "      <th>lstat</th>\n",
       "      <th>medv</th>\n",
       "    </tr>\n",
       "  </thead>\n",
       "  <tbody>\n",
       "    <tr>\n",
       "      <th>crim</th>\n",
       "      <td>1.000000</td>\n",
       "      <td>-0.200469</td>\n",
       "      <td>0.406583</td>\n",
       "      <td>-0.055892</td>\n",
       "      <td>0.420972</td>\n",
       "      <td>-0.219247</td>\n",
       "      <td>0.352734</td>\n",
       "      <td>-0.379670</td>\n",
       "      <td>0.625505</td>\n",
       "      <td>0.582764</td>\n",
       "      <td>0.289946</td>\n",
       "      <td>-0.385064</td>\n",
       "      <td>0.455621</td>\n",
       "      <td>-0.388305</td>\n",
       "    </tr>\n",
       "    <tr>\n",
       "      <th>zn</th>\n",
       "      <td>-0.200469</td>\n",
       "      <td>1.000000</td>\n",
       "      <td>-0.533828</td>\n",
       "      <td>-0.042697</td>\n",
       "      <td>-0.516604</td>\n",
       "      <td>0.311991</td>\n",
       "      <td>-0.569537</td>\n",
       "      <td>0.664408</td>\n",
       "      <td>-0.311948</td>\n",
       "      <td>-0.314563</td>\n",
       "      <td>-0.391679</td>\n",
       "      <td>0.175520</td>\n",
       "      <td>-0.412995</td>\n",
       "      <td>0.360445</td>\n",
       "    </tr>\n",
       "    <tr>\n",
       "      <th>indus</th>\n",
       "      <td>0.406583</td>\n",
       "      <td>-0.533828</td>\n",
       "      <td>1.000000</td>\n",
       "      <td>0.062938</td>\n",
       "      <td>0.763651</td>\n",
       "      <td>-0.391676</td>\n",
       "      <td>0.644779</td>\n",
       "      <td>-0.708027</td>\n",
       "      <td>0.595129</td>\n",
       "      <td>0.720760</td>\n",
       "      <td>0.383248</td>\n",
       "      <td>-0.356977</td>\n",
       "      <td>0.603800</td>\n",
       "      <td>-0.483725</td>\n",
       "    </tr>\n",
       "    <tr>\n",
       "      <th>chas</th>\n",
       "      <td>-0.055892</td>\n",
       "      <td>-0.042697</td>\n",
       "      <td>0.062938</td>\n",
       "      <td>1.000000</td>\n",
       "      <td>0.091203</td>\n",
       "      <td>0.091251</td>\n",
       "      <td>0.086518</td>\n",
       "      <td>-0.099176</td>\n",
       "      <td>-0.007368</td>\n",
       "      <td>-0.035587</td>\n",
       "      <td>-0.121515</td>\n",
       "      <td>0.048788</td>\n",
       "      <td>-0.053929</td>\n",
       "      <td>0.175260</td>\n",
       "    </tr>\n",
       "    <tr>\n",
       "      <th>nox</th>\n",
       "      <td>0.420972</td>\n",
       "      <td>-0.516604</td>\n",
       "      <td>0.763651</td>\n",
       "      <td>0.091203</td>\n",
       "      <td>1.000000</td>\n",
       "      <td>-0.302188</td>\n",
       "      <td>0.731470</td>\n",
       "      <td>-0.769230</td>\n",
       "      <td>0.611441</td>\n",
       "      <td>0.668023</td>\n",
       "      <td>0.188933</td>\n",
       "      <td>-0.380051</td>\n",
       "      <td>0.590879</td>\n",
       "      <td>-0.427321</td>\n",
       "    </tr>\n",
       "    <tr>\n",
       "      <th>rm</th>\n",
       "      <td>-0.219247</td>\n",
       "      <td>0.311991</td>\n",
       "      <td>-0.391676</td>\n",
       "      <td>0.091251</td>\n",
       "      <td>-0.302188</td>\n",
       "      <td>1.000000</td>\n",
       "      <td>-0.240265</td>\n",
       "      <td>0.205246</td>\n",
       "      <td>-0.209847</td>\n",
       "      <td>-0.292048</td>\n",
       "      <td>-0.355501</td>\n",
       "      <td>0.128069</td>\n",
       "      <td>-0.613808</td>\n",
       "      <td>0.695360</td>\n",
       "    </tr>\n",
       "    <tr>\n",
       "      <th>age</th>\n",
       "      <td>0.352734</td>\n",
       "      <td>-0.569537</td>\n",
       "      <td>0.644779</td>\n",
       "      <td>0.086518</td>\n",
       "      <td>0.731470</td>\n",
       "      <td>-0.240265</td>\n",
       "      <td>1.000000</td>\n",
       "      <td>-0.747881</td>\n",
       "      <td>0.456022</td>\n",
       "      <td>0.506456</td>\n",
       "      <td>0.261515</td>\n",
       "      <td>-0.273534</td>\n",
       "      <td>0.602339</td>\n",
       "      <td>-0.376955</td>\n",
       "    </tr>\n",
       "    <tr>\n",
       "      <th>dis</th>\n",
       "      <td>-0.379670</td>\n",
       "      <td>0.664408</td>\n",
       "      <td>-0.708027</td>\n",
       "      <td>-0.099176</td>\n",
       "      <td>-0.769230</td>\n",
       "      <td>0.205246</td>\n",
       "      <td>-0.747881</td>\n",
       "      <td>1.000000</td>\n",
       "      <td>-0.494588</td>\n",
       "      <td>-0.534432</td>\n",
       "      <td>-0.232471</td>\n",
       "      <td>0.291512</td>\n",
       "      <td>-0.496996</td>\n",
       "      <td>0.249929</td>\n",
       "    </tr>\n",
       "    <tr>\n",
       "      <th>rad</th>\n",
       "      <td>0.625505</td>\n",
       "      <td>-0.311948</td>\n",
       "      <td>0.595129</td>\n",
       "      <td>-0.007368</td>\n",
       "      <td>0.611441</td>\n",
       "      <td>-0.209847</td>\n",
       "      <td>0.456022</td>\n",
       "      <td>-0.494588</td>\n",
       "      <td>1.000000</td>\n",
       "      <td>0.910228</td>\n",
       "      <td>0.464741</td>\n",
       "      <td>-0.444413</td>\n",
       "      <td>0.488676</td>\n",
       "      <td>-0.381626</td>\n",
       "    </tr>\n",
       "    <tr>\n",
       "      <th>tax</th>\n",
       "      <td>0.582764</td>\n",
       "      <td>-0.314563</td>\n",
       "      <td>0.720760</td>\n",
       "      <td>-0.035587</td>\n",
       "      <td>0.668023</td>\n",
       "      <td>-0.292048</td>\n",
       "      <td>0.506456</td>\n",
       "      <td>-0.534432</td>\n",
       "      <td>0.910228</td>\n",
       "      <td>1.000000</td>\n",
       "      <td>0.460853</td>\n",
       "      <td>-0.441808</td>\n",
       "      <td>0.543993</td>\n",
       "      <td>-0.468536</td>\n",
       "    </tr>\n",
       "    <tr>\n",
       "      <th>ptratio</th>\n",
       "      <td>0.289946</td>\n",
       "      <td>-0.391679</td>\n",
       "      <td>0.383248</td>\n",
       "      <td>-0.121515</td>\n",
       "      <td>0.188933</td>\n",
       "      <td>-0.355501</td>\n",
       "      <td>0.261515</td>\n",
       "      <td>-0.232471</td>\n",
       "      <td>0.464741</td>\n",
       "      <td>0.460853</td>\n",
       "      <td>1.000000</td>\n",
       "      <td>-0.177383</td>\n",
       "      <td>0.374044</td>\n",
       "      <td>-0.507787</td>\n",
       "    </tr>\n",
       "    <tr>\n",
       "      <th>black</th>\n",
       "      <td>-0.385064</td>\n",
       "      <td>0.175520</td>\n",
       "      <td>-0.356977</td>\n",
       "      <td>0.048788</td>\n",
       "      <td>-0.380051</td>\n",
       "      <td>0.128069</td>\n",
       "      <td>-0.273534</td>\n",
       "      <td>0.291512</td>\n",
       "      <td>-0.444413</td>\n",
       "      <td>-0.441808</td>\n",
       "      <td>-0.177383</td>\n",
       "      <td>1.000000</td>\n",
       "      <td>-0.366087</td>\n",
       "      <td>0.333461</td>\n",
       "    </tr>\n",
       "    <tr>\n",
       "      <th>lstat</th>\n",
       "      <td>0.455621</td>\n",
       "      <td>-0.412995</td>\n",
       "      <td>0.603800</td>\n",
       "      <td>-0.053929</td>\n",
       "      <td>0.590879</td>\n",
       "      <td>-0.613808</td>\n",
       "      <td>0.602339</td>\n",
       "      <td>-0.496996</td>\n",
       "      <td>0.488676</td>\n",
       "      <td>0.543993</td>\n",
       "      <td>0.374044</td>\n",
       "      <td>-0.366087</td>\n",
       "      <td>1.000000</td>\n",
       "      <td>-0.737663</td>\n",
       "    </tr>\n",
       "    <tr>\n",
       "      <th>medv</th>\n",
       "      <td>-0.388305</td>\n",
       "      <td>0.360445</td>\n",
       "      <td>-0.483725</td>\n",
       "      <td>0.175260</td>\n",
       "      <td>-0.427321</td>\n",
       "      <td>0.695360</td>\n",
       "      <td>-0.376955</td>\n",
       "      <td>0.249929</td>\n",
       "      <td>-0.381626</td>\n",
       "      <td>-0.468536</td>\n",
       "      <td>-0.507787</td>\n",
       "      <td>0.333461</td>\n",
       "      <td>-0.737663</td>\n",
       "      <td>1.000000</td>\n",
       "    </tr>\n",
       "  </tbody>\n",
       "</table>\n",
       "</div>"
      ],
      "text/plain": [
       "             crim        zn     indus      chas       nox        rm       age  \\\n",
       "crim     1.000000 -0.200469  0.406583 -0.055892  0.420972 -0.219247  0.352734   \n",
       "zn      -0.200469  1.000000 -0.533828 -0.042697 -0.516604  0.311991 -0.569537   \n",
       "indus    0.406583 -0.533828  1.000000  0.062938  0.763651 -0.391676  0.644779   \n",
       "chas    -0.055892 -0.042697  0.062938  1.000000  0.091203  0.091251  0.086518   \n",
       "nox      0.420972 -0.516604  0.763651  0.091203  1.000000 -0.302188  0.731470   \n",
       "rm      -0.219247  0.311991 -0.391676  0.091251 -0.302188  1.000000 -0.240265   \n",
       "age      0.352734 -0.569537  0.644779  0.086518  0.731470 -0.240265  1.000000   \n",
       "dis     -0.379670  0.664408 -0.708027 -0.099176 -0.769230  0.205246 -0.747881   \n",
       "rad      0.625505 -0.311948  0.595129 -0.007368  0.611441 -0.209847  0.456022   \n",
       "tax      0.582764 -0.314563  0.720760 -0.035587  0.668023 -0.292048  0.506456   \n",
       "ptratio  0.289946 -0.391679  0.383248 -0.121515  0.188933 -0.355501  0.261515   \n",
       "black   -0.385064  0.175520 -0.356977  0.048788 -0.380051  0.128069 -0.273534   \n",
       "lstat    0.455621 -0.412995  0.603800 -0.053929  0.590879 -0.613808  0.602339   \n",
       "medv    -0.388305  0.360445 -0.483725  0.175260 -0.427321  0.695360 -0.376955   \n",
       "\n",
       "              dis       rad       tax   ptratio     black     lstat      medv  \n",
       "crim    -0.379670  0.625505  0.582764  0.289946 -0.385064  0.455621 -0.388305  \n",
       "zn       0.664408 -0.311948 -0.314563 -0.391679  0.175520 -0.412995  0.360445  \n",
       "indus   -0.708027  0.595129  0.720760  0.383248 -0.356977  0.603800 -0.483725  \n",
       "chas    -0.099176 -0.007368 -0.035587 -0.121515  0.048788 -0.053929  0.175260  \n",
       "nox     -0.769230  0.611441  0.668023  0.188933 -0.380051  0.590879 -0.427321  \n",
       "rm       0.205246 -0.209847 -0.292048 -0.355501  0.128069 -0.613808  0.695360  \n",
       "age     -0.747881  0.456022  0.506456  0.261515 -0.273534  0.602339 -0.376955  \n",
       "dis      1.000000 -0.494588 -0.534432 -0.232471  0.291512 -0.496996  0.249929  \n",
       "rad     -0.494588  1.000000  0.910228  0.464741 -0.444413  0.488676 -0.381626  \n",
       "tax     -0.534432  0.910228  1.000000  0.460853 -0.441808  0.543993 -0.468536  \n",
       "ptratio -0.232471  0.464741  0.460853  1.000000 -0.177383  0.374044 -0.507787  \n",
       "black    0.291512 -0.444413 -0.441808 -0.177383  1.000000 -0.366087  0.333461  \n",
       "lstat   -0.496996  0.488676  0.543993  0.374044 -0.366087  1.000000 -0.737663  \n",
       "medv     0.249929 -0.381626 -0.468536 -0.507787  0.333461 -0.737663  1.000000  "
      ]
     },
     "execution_count": 12,
     "metadata": {},
     "output_type": "execute_result"
    }
   ],
   "source": [
    "# check if there is correlation between the features\n",
    "corr = housing.corr()\n",
    "corr"
   ]
  },
  {
   "cell_type": "code",
   "execution_count": 13,
   "metadata": {},
   "outputs": [
    {
     "data": {
      "text/plain": [
       "<matplotlib.axes._subplots.AxesSubplot at 0x12e9328e070>"
      ]
     },
     "execution_count": 13,
     "metadata": {},
     "output_type": "execute_result"
    },
    {
     "data": {
